[ABA EMMANUEL_Evangelissm Committee_Advicer_Bros Corner Vice Chair_tenor.jpg]
text=2;138;17;Bro. Aba Emmanuel;Arial;0.238094,0.827506,0.055556,0.000000;v1,4278209450,4278209450,128.000000,1.000000,0.000000,1.000000,700,0,49152;;165;44;Group Adviser&#010;Brothers' Corner Vice Chairman;Arial;0.231602,0.897437,0.038889,0.000000;v1,4278190080,4278209450,128.000000,1.000000,0.000000,1.000000,700,0,49160;;
backuphash=22212
textactive=1
