[9.jpg]
text=1;137;16;Alto Part Leader;Arial;0.331392,0.947559,0.038889,0.000000;v1,4278190080,4278209450,128.000000,1.000000,0.000000,1.000000,700,0,49160;;
backuphash=47201
textactive=1
