[3.jpg]
filters=finetune2=1,0.397661,0.126316,0.000000,00000000,0.000000;
moddate=7bb09b9210f1d301
width=1080
height=809
text=1;154;33;Brothes' Corner Secretary General;Arial;0.236582,0.947948,0.038889,0.000000;v1,4278190080,4278209450,128.000000,1.000000,0.000000,1.000000,700,0,49160;;
textactive=1
[5.jpg]
filters=finetune2=1,0.286550,0.134737,0.000000,00000000,0.000000;
moddate=714acdfa10f1d301
width=1080
height=809
textactive=0
