[7.jpg]
moddate=90a1f88e9eecd301
width=1080
height=809
text=1;184;63;Student Pastor at Presbyterian Theological Seminary (PTS) Kumba;Arial;0.032884,0.947042,0.038889,0.000000;v1,4278190080,4278209450,128.000000,1.000000,0.000000,1.000000,700,0,49160;;
textactive=1
[2.jpg]
moddate=dd02660a9fecd301
width=1080
height=809
text=1;184;63;Student Pastor at Presbyterian Theological Seminary (PTS) Kumba;Arial;0.046799,0.943593,0.038889,0.000000;v1,4278190080,4278209450,128.000000,1.000000,0.000000,1.000000,700,0,49160;;
textactive=1
