[1.jpg]
moddate=4e531eb192ecd301
width=1080
height=809
text=1;146;25;Sisters' Corner Chairlady;Arial;0.302699,0.932540,0.038889,0.000000;v1,4278190080,4278209450,128.000000,1.000000,0.000000,1.000000,700,0,49160;;
textactive=1
